input = [
1000,1,0
1047.1285480509,1,0
1096.478196143185,1,0
1148.153621496883,1,0
1202.264434617413,1,0
1258.925411794168,1,0
1318.256738556408,1,0
1380.384264602886,1,0
1445.439770745928,1,0
1513.561248436209,1,0
1584.893192461114,1,0
1659.586907437562,1,0
1737.800828749377,1,0
1819.700858609985,1,0
1905.460717963249,1,0
1995.262314968882,1,0
2089.296130854042,1,0
2187.761623949555,1,0
2290.867652767776,1,0
2398.832919019494,1,0
2511.886431509583,1,0
2630.267991895385,1,0
2754.22870333817,1,0
2884.03150312661,1,0
3019.951720402021,1,0
3162.277660168385,1,0
3311.311214825917,1,0
3467.368504525323,1,0
3630.780547701021,1,0
3801.89396320562,1,0
3981.071705534981,1,0
4168.693834703363,1,0
4365.158322401669,1,0
4570.88189614876,1,0
4786.300923226395,1,0
5011.872336272735,1,0
5248.074602497739,1,0
5495.40873857626,1,0
5754.399373371584,1,0
6025.595860743593,1,0
6309.573444801949,1,0
6606.934480075978,1,0
6918.309709189384,1,0
7244.359600749922,1,0
7585.77575029186,1,0
7943.282347242839,1,0
8317.637711026735,1,0
8709.635899560833,1,0
9120.108393559127,1,0
9549.925860214391,1,0
10000.00000000003,1,0
10471.28548050903,1,0
10964.78196143189,1,0
11481.53621496887,1,0
12022.64434617417,1,0
12589.25411794172,1,0
13182.56738556412,1,0
13803.8426460289,1,0
14454.39770745933,1,0
15135.61248436214,1,0
15848.9319246112,1,0
16595.86907437567,1,0
17378.00828749383,1,0
18197.00858609991,1,0
19054.60717963256,1,0
19952.62314968889,1,0
20892.96130854049,1,0
21877.61623949563,1,0
22908.67652767784,1,0
23988.32919019503,1,0
25118.86431509593,1,0
26302.67991895396,1,0
27542.28703338181,1,0
28840.31503126621,1,0
30199.51720402033,1,0
31622.77660168397,1,0
33113.11214825929,1,0
34673.68504525336,1,0
36307.80547701034,1,0
38018.93963205634,1,0
39810.71705534996,1,0
41686.93834703379,1,0
43651.58322401687,1,0
45708.81896148779,1,0
47863.00923226414,1,0
50118.72336272756,1,0
52480.7460249776,1,0
54954.08738576282,1,0
57543.99373371607,1,0
60255.95860743618,1,0
63095.73444801976,1,0
66069.34480076005,1,0
69183.09709189413,1,0
72443.59600749952,1,0
75857.75750291892,1,0
79432.82347242872,1,0
83176.3771102677,1,0
87096.35899560869,1,0
91201.08393559164,1,0
95499.2586021443,1,0
100000.0000000007,1,0
104712.8548050907,1,0
109647.8196143193,1,0
114815.3621496892,1,0
120226.4434617422,1,0
125892.5411794177,1,0
131825.6738556417,1,0
138038.4264602896,1,0
144543.9770745939,1,0
151356.124843622,1,0
158489.3192461126,1,0
165958.6907437574,1,0
173780.0828749389,1,0
181970.0858609998,1,0
190546.0717963263,1,0
199526.2314968896,1,0
208929.6130854057,1,0
218776.1623949571,1,0
229086.7652767792,1,0
239883.2919019511,1,0
251188.6431509602,1,0
263026.7991895404,1,0
275422.870333819,1,0
288403.1503126631,1,0
301995.1720402043,1,0
316227.7660168408,1,0
331131.1214825941,1,0
346736.8504525347,1,0
363078.0547701046,1,0
380189.3963205646,1,0
398107.1705535009,1,0
416869.3834703392,1,0
436515.83224017,1,0
457088.1896148793,1,0
478630.0923226428,1,0
501187.233627277,1,0
524807.4602497775,1,0
549540.8738576297,1,0
575439.9373371624,1,0
602559.5860743636,1,0
630957.3444801994,1,0
660693.4480076025,1,0
691830.9709189433,1,0
724435.9600749973,1,0
758577.5750291913,1,0
794328.2347242895,1,0
831763.7711026794,1,0
870963.5899560895,1,0
912010.839355919,1,0
954992.5860214458,1,0
1000000.00000001,1,0
1047128.54805091,1,0
1096478.196143196,1,0
1148153.621496895,1,0
1202264.434617426,1,0
1258925.411794181,1,0
1318256.738556421,1,0
1380384.2646029,1,0
1445439.770745943,1,0
1513561.248436225,1,0
1584893.192461131,1,0
1659586.907437579,1,0
1737800.828749395,1,0
1819700.858610004,1,0
1905460.717963269,1,0
1995262.314968902,1,0
2089296.130854063,1,0
2187761.623949578,1,0
2290867.6527678,1,0
2398832.919019518,1,0
2511886.43150961,1,0
2630267.991895413,1,0
2754228.703338199,1,0
2884031.50312664,1,0
3019951.720402053,1,0
3162277.660168418,1,0
3311311.214825951,1,0
3467368.504525359,1,0
3630780.547701058,1,0
3801893.963205659,1,0
3981071.705535023,1,0
4168693.834703407,1,0
4365158.322401715,1,0
4570881.896148809,1,0
4786300.923226446,1,0
5011872.336272788,1,0
5248074.602497795,1,0
5495408.738576318,1,0
5754399.373371646,1,0
6025595.860743658,1,0
6309573.444802017,1,0
6606934.480076049,1,0
6918309.709189458,1,0
7244359.600749998,1,0
7585775.750291941,1,0
7943282.347242923,1,0
8317637.711026824,1,0
8709635.899560926,1,0
9120108.393559223,1,0
9549925.860214492,1,0
10000000.00000014,1,0
10471285.48050914,1,0
10964781.961432,1,0
11481536.21496899,1,0
12022644.3461743,1,0
12589254.11794185,1,0
13182567.38556426,1,0
13803842.64602905,1,0
14454397.70745949,1,0
15135612.4843623,1,0
15848931.92461137,1,0
16595869.07437585,1,0
17378008.28749401,1,0
18197008.58610011,1,0
19054607.17963276,1,0
19952623.1496891,1,0
20892961.30854071,1,0
21877616.23949586,1,0
22908676.52767808,1,0
23988329.19019528,1,0
25118864.31509619,1,0
26302679.91895423,1,0
27542287.0333821,1,0
28840315.03126652,1,0
30199517.20402065,1,0
31622776.6016843,1,0
33113112.14825964,1,0
34673685.04525372,1,0
36307805.47701073,1,0
38018939.63205674,1,0
39810717.05535038,1,0
41686938.34703422,1,0
43651583.22401731,1,0
45708818.96148825,1,0
47863009.23226462,1,0
50118723.36272806,1,0
52480746.02497813,1,0
54954087.38576337,1,0
57543993.73371665,1,0
60255958.60743678,1,0
63095734.44802038,1,0
66069344.80076072,1,0
69183097.09189482,1,0
72443596.00750023,1,0
75857757.50291966,1,0
79432823.4724295,1,0
83176377.11026852,1,0
87096358.99560955,1,0
91201083.93559253,1,0
95499258.60214524,1,0
100000000.0000017,1,0
104712854.8050918,1,0
109647819.6143204,1,0
114815362.1496903,1,0
120226443.4617434,1,0
125892541.1794189,1,0
131825673.855643,1,0
138038426.4602909,1,0
144543977.0745953,1,0
151356124.8436235,1,0
158489319.2461142,1,0
165958690.7437591,1,0
173780082.8749407,1,0
181970085.8610016,1,0
190546071.7963282,1,0
199526231.4968916,1,0
208929613.0854078,1,0
218776162.3949593,1,0
229086765.2767816,1,0
239883291.9019535,1,0
251188643.1509627,1,0
263026799.1895431,1,0
275422870.3338218,1,0
288403150.3126661,1,0
301995172.0402074,1,0
316227766.016844,1,0
331131121.4825975,1,0
346736850.4525384,1,0
363078054.7701084,1,0
380189396.3205686,1,0
398107170.5535051,1,0
416869383.4703436,1,0
436515832.2401746,1,0
457088189.6148841,1,0
478630092.3226479,1,0
501187233.6272823,1,0
524807460.2497832,1,0
549540873.8576356,1,0
575439937.3371686,1,0
602559586.07437,1,0
630957344.4802061,1,0
660693448.0076095,1,0
691830970.9189507,1,0
724435960.0750049,1,0
758577575.0291994,1,0
794328234.7242979,1,0
831763771.1026882,1,0
870963589.9560987,1,0
912010839.3559287,1,0
954992586.0214559,1,0
1000000000.000021,1,0
1047128548.050922,1,0
1096478196.143208,1,0
1148153621.496907,1,0
1202264434.617439,1,0
1258925411.794194,1,0
1318256738.556436,1,0
1380384264.602915,1,0
1445439770.745959,1,0
1513561248.436241,1,0
1584893192.461149,1,0
1659586907.437598,1,0
1737800828.749414,1,0
1819700858.610024,1,0
1905460717.96329,1,0
2000000000,1,0]
