aaa = [
1                 1.1663            
1.51356           1.1663            
2.29087           1.1663            
3.46737           1.1663            
5.24807           1.1663            
7.94328           1.1663            
12.0226           1.1663            
18.197            1.1663            
27.5423           1.1663            
41.6869           1.1663            
63.0957           1.1663            
95.4993           1.1663            
144.544           1.1663            
218.776           1.1663            
331.131           1.1663            
501.187           1.1663            
758.578           1.1663            
1148.15           1.1663            
1737.8            1.1663            
2630.27           1.1663            
3981.07           1.1663            
6025.6            1.1663            
9120.11           1.1663            
13803.8           1.1663            
20893             1.1663            
31622.8           1.1663            
47863             1.1663            
72443.6           1.1663            
109648            1.1663            
165959            1.1663            
251189            1.1663            
380189            1.1663            
575440            1.16631           
870964            1.16631           
1.31826e+06       1.16632           
1.99526e+06       1.16633           
3.01995e+06       1.16638           
4.57088e+06       1.16647           
6.91831e+06       1.16668           
1.04713e+07       1.16718           
1.58489e+07       1.16832           
2.39883e+07       1.17101           
3.63078e+07       1.17745           
5.49541e+07       1.19303           
8.31764e+07       1.22764           
1.25893e+08       1.2523            
1.90546e+08       0.896376          
2.88403e+08       0.321805          
4.36516e+08       0.0952742         
6.60693e+08       0.0267717         
1e+09             0.00694985        
]
